Bienvenue dans le fichier text de sauvegarde du Projet "Contrôle Aérien"
**********************************Les Aéroports**********************************

Il y a 10 aéroports dans ce monde !

			New York
0 5 12 0 0 3 1 3 3 5 410 411 14 13 

			Paris
1 3 10 0 0 3 1 4 4 4 884 348 27 11 

			Bankok
2 2 5 0 0 2 1 2 2 2 1326 411 42 13 

			Haiti
3 1 4 0 0 2 1 2 2 2 347 506 11 17 

			La Paz
4 1 6 0 0 1 1 1 1 3 505 660 16 21 

			Cape Town
5 2 6 0 0 4 1 3 3 2 915 759 30 24 

			Perth
6 5 12 0 0 2 1 2 2 2 1484 759 45 23 

			Rabat
7 5 6 0 0 3 1 4 2 3 757 506 25 16 

			TonPereLeFolle
8 1 4 0 0 2 1 2 2 2 347 506 11 17 

			TaMereLaFou
9 1 4 0 0 2 1 2 2 2 347 506 11 17 

**********************************Les Arcs***************************************

Il y a 10 "sommets" et 12 arcs.

0 1 4000
0 2 2000
0 6 13000
0 3 1000
1 2 4800
1 5 6000
1 6 9500
2 6 12500
3 4 11500
4 5 5500
1 7 3000
5 7 3500

**********************************Les Avions************************************

Il y a 10 avions.

Avion n°1 :
900 18 long 25 9000 347 506 8 6
2
0 0 0 0
8 6
347 506

Avion n°2 :
600 38 court 35 10000 757 506 7 1
2
0 1 0 0
7 1
757 506

Avion n°3 :
800 20 moyen 30 9500 347 506 8 0
5
0 1 0 0
8 0
347 506

Avion n°4 :
900 18 long 25 9000 757 506 7 9
4
0 0 0 0
7 9
757 506

Avion n°5 :
600 38 court 35 10000 347 506 9 0
0
0 1 0 0
9 0
347 506

Avion n°6 :
800 20 moyen 30 9500 347 506 8 0
5
0 1 0 0
8 0
347 506

Avion n°7 :
900 18 long 25 9000 505 660 4 3
13
0 0 0 0
4 3
505 660

Avion n°8 :
600 38 court 35 10000 347 506 8 0
12
0 1 0 0
8 0
347 506

Avion n°9 :
800 20 moyen 30 9500 410 411 0 4
8
0 0 0 0
0 4
410 411

Avion n°10 :
900 18 long 25 9000 884 348 1 2
6
0 0 0 0
1 2
884 348

Le simulateur a pu réaliser 0 tours de boucle avant de se terminer !
